8,37 9,36 9,35 8,36
8,36 9,35 9,34 8,35
8,35 9,34 9,33 8,34
8,34 9,33 9,32 8,33
8,33 9,32 9,31 8,32
8,32 9,31 9,30 8,31
8,31 9,30 9,29 8,30
8,30 9,29 9,28 8,29
8,29 9,28 9,27 8,28
8,28 9,27 9,26 8,27
7,38 8,37 8,36 7,37
7,37 8,36 8,35 7,36
7,36 8,35 8,34 7,35
7,35 8,34 8,33 7,34
7,34 8,33 8,32 7,33
7,33 8,32 8,31 7,32
7,32 8,31 8,30 7,31
7,31 8,30 8,29 7,30
7,30 8,29 8,28 7,29
7,29 8,28 8,27 7,28
6,39 7,38 7,37 6,38
6,38 7,37 7,36 6,37
6,37 7,36 7,35 6,36
6,36 7,35 7,34 6,35
6,35 7,34 7,33 6,34
6,34 7,33 7,32 6,33
6,33 7,32 7,31 6,32
6,32 7,31 7,30 6,31
6,31 7,30 7,29 6,30
6,30 7,29 7,28 6,29