8.0,27.0 9.0,26.0 9.0,25.5 8.0,26.5
8.0,26.5 9.0,25.5 9.0,25.0 8.0,26.0
8.0,26.0 9.0,25.0 9.0,24.5 8.0,25.5
8.0,25.5 9.0,24.5 9.0,24.0 8.0,25.0
8.0,25.0 9.0,24.0 9.0,23.5 8.0,24.5
8.0,24.5 9.0,23.5 9.0,23.0 8.0,24.0
8.0,24.0 9.0,23.0 9.0,22.5 8.0,23.5
8.0,23.5 9.0,22.5 9.0,22.0 8.0,23.0
7.0,28.0 8.0,27.0 8.0,26.5 7.0,27.5
7.0,27.5 8.0,26.5 8.0,26.0 7.0,27.0
7.0,27.0 8.0,26.0 8.0,25.5 7.0,26.5
7.0,26.5 8.0,25.5 8.0,25.0 7.0,26.0
7.0,26.0 8.0,25.0 8.0,24.5 7.0,25.5
7.0,25.5 8.0,24.5 8.0,24.0 7.0,25.0
7.0,25.0 8.0,24.0 8.0,23.5 7.0,24.5
7.0,24.5 8.0,23.5 8.0,23.0 7.0,24.0
6.0,29.0 7.0,28.0 7.0,27.5 6.0,28.5
6.0,28.5 7.0,27.5 7.0,27.0 6.0,28.0
6.0,28.0 7.0,27.0 7.0,26.5 6.0,27.5
6.0,27.5 7.0,26.5 7.0,26.0 6.0,27.0
6.0,27.0 7.0,26.0 7.0,25.5 6.0,26.5
6.0,26.5 7.0,25.5 7.0,25.0 6.0,26.0
6.0,26.0 7.0,25.0 7.0,24.5 6.0,25.5
6.0,25.5 7.0,24.5 7.0,24.0 6.0,25.0